6528137.000000	0.000000	0.000000	0.000000	7829.530000	0.000000	0.000
6516449.358523	391240.346350	0.000000	-467.360317	7815.333946	0.000000	50.000
6481429.123661	781071.074486	0.000000	-933.017095	7773.161760	0.000000	100.001
6423203.710809	1168096.460243	0.000000	-1395.282623	7703.156814	0.000000	150.001
6341984.566665	1550931.122250	0.000000	-1852.486032	7605.593073	0.000000	200.001
6238066.032220	1928206.509354	0.000000	-2302.978316	7480.846803	0.000000	250.001
6111824.732850	2298573.515315	0.000000	-2745.124246	7329.347150	0.000000	300.002
5963717.727202	2660708.877827	0.000000	-3177.341284	7151.688140	0.000000	350.002
5794280.633541	3013320.320096	0.000000	-3598.068075	6948.509273	0.000000	400.002
5604125.714991	3355150.619067	0.000000	-4005.799148	6720.570797	0.000000	450.002
5393939.759760	3684981.891712	0.000000	-4399.069265	6468.702516	0.000000	500.003
5164481.099557	4001640.618456	0.000000	-4776.471459	6193.829037	0.000000	550.003
4916577.199888	4304001.177340	0.000000	-5136.656823	5896.954479	0.000000	600.003
4651121.117206	4590990.481274	0.000000	-5478.348805	5579.170810	0.000000	650.003
4369068.049326	4861591.845933	0.000000	-5800.337370	5241.639675	0.000000	700.004
4071431.889787	5114848.386293	0.000000	-6101.486182	4885.591721	0.000000	750.004
3759281.451331	5349866.360087	0.000000	-6380.735138	4512.321051	0.000000	800.004
3433736.496641	5565818.270102	0.000000	-6637.107265	4123.182862	0.000000	850.004
3095963.621857	5761945.706026	0.000000	-6869.708241	3719.585451	0.000000	900.005
2747171.851052	5937561.996272	0.000000	-7077.733615	3302.987775	0.000000	950.005
2388608.257637	6092054.487102	0.000000	-7260.468767	2874.891915	0.000000	1000.005
2021553.308694	6224886.622497	0.000000	-7417.290379	2436.837444	0.000000	1050.005
1647316.253538	6335599.662206	0.000000	-7547.671974	1990.396990	0.000000	1100.006
1267230.234590	6423814.183596	0.000000	-7651.182748	1537.169174	0.000000	1150.006
882647.643018	6489231.192900	0.000000	-7727.486227	1078.772267	0.000000	1200.006
494935.243384	6531633.009867	0.000000	-7776.344138	616.839327	0.000000	1250.006
105469.107182	6550883.865472	0.000000	-7797.619915	153.012395	0.000000	1300.007
-284370.215812	6546930.165074	0.000000	-7791.272494	-311.064312	0.000000	1350.007
-673202.544214	6519800.471462	0.000000	-7757.358382	-773.749769	0.000000	1400.007
-1059652.988226	6469605.200169	0.000000	-7696.031104	-1233.411823	0.000000	1450.007
-1442356.743788	6396536.029331	0.000000	-7607.541070	-1688.433092	0.000000	1500.008
-1819963.859671	6300865.032128	0.000000	-7492.231827	-2137.216124	0.000000	1550.008
-2191143.941857	6182943.526739	0.000000	-7350.541626	-2578.189461	0.000000	1600.008
-2554590.770466	6043200.657871	0.000000	-7182.998882	-3009.812404	0.000000	1650.008
-2909026.783397	5882141.722571	0.000000	-6990.220843	-3430.580310	0.000000	1700.009
-3253207.441227	5700346.247472	0.000000	-6772.911209	-3839.029684	0.000000	1750.009
-3585925.512603	5498465.795542	0.000000	-6531.857562	-4233.743098	0.000000	1800.009
-3906015.139593	5277221.575500	0.000000	-6267.927142	-4613.353130	0.000000	1850.009
-4212355.790460	5037401.802877	0.000000	-5982.065044	-4976.547591	0.000000	1900.010
-4503876.043575	4779858.845790	0.000000	-5675.289881	-5322.073181	0.000000	1950.010
-4779557.171575	4505506.181943	0.000000	-5348.690344	-5648.739617	0.000000	2000.010
-5038436.560918	4215315.142732	0.000000	-5003.421475	-5955.423518	0.000000	2050.010
-5279610.913994	3910311.493850	0.000000	-4640.700261	-6241.071562	0.000000	2100.011
-5502239.254811	3591571.835699	0.000000	-4261.801760	-6504.704104	0.000000	2150.011
-5705545.712183	3260219.857519	0.000000	-3868.054449	-6745.417848	0.000000	2200.011
-5888822.089198	2917422.435353	0.000000	-3460.836006	-6962.389020	0.000000	2250.011
-6051430.201547	2564385.601360	0.000000	-3041.568456	-7154.875542	0.000000	2300.012
-6192803.978984	2202350.397844	0.000000	-2611.713524	-7322.219444	0.000000	2350.012
-6312451.329159	1832588.621900	0.000000	-2172.767781	-7463.848839	0.000000	2400.012
-6409955.756533	1456398.478716	0.000000	-1726.257686	-7579.279569	0.000000	2450.012
-6484977.734251	1075100.149606	0.000000	-1273.734666	-7668.116960	0.000000	2500.013
-6537255.822961	690031.298725	0.000000	-816.769936	-7730.056594	0.000000	2550.013
-6566607.535275	302542.523234	0.000000	-356.949474	-7764.885598	0.000000	2600.013
-6572929.943303	-86007.231529	0.000000	104.131180	-7772.483110	0.000000	2650.013
-6556200.028379	-474255.288769	0.000000	564.872086	-7752.820761	0.000000	2700.014
-6516474.770852	-860839.870272	0.000000	1023.674098	-7705.962772	0.000000	2750.014
-6453890.980766	-1244404.716007	0.000000	1478.944072	-7632.065784	0.000000	2800.014
-6368664.867302	-1623603.705864	0.000000	1929.100048	-7531.378476	0.000000	2850.014
-6261091.350487	-1997105.439429	0.000000	2372.576419	-7404.240839	0.000000	2900.015
-6131543.118217	-2363597.769306	0.000000	2807.828990	-7251.082967	0.000000	2950.015
-5980469.420826	-2721792.301239	0.000000	3233.340277	-7072.424505	0.000000	3000.015
-5808394.618464	-3070428.807334	0.000000	3647.624220	-6868.872208	0.000000	3050.015
-5615916.478583	-3408279.557259	0.000000	4049.231437	-6641.118925	0.000000	3100.016
-5403704.222437	-3734153.565399	0.000000	4436.753933	-6389.941157	0.000000	3150.016
-5172496.339613	-4046900.711101	0.000000	4808.829813	-6116.196662	0.000000	3200.016
-4923098.160339	-4345415.747720	0.000000	5164.148156	-5820.822203	0.000000	3250.016
-4656379.196747	-4628642.176592	0.000000	5501.453337	-5504.830387	0.000000	3300.017
-4373270.263920	-4895575.966932	0.000000	5819.549474	-5169.306657	0.000000	3350.017
-4074760.386942	-5145269.112515	0.000000	6117.304893	-4815.406112	0.000000	3400.017
-3761893.502781	-5376833.014028	0.000000	6393.655503	-4444.349311	0.000000	3450.017
-3435764.962879	-5589441.674847	0.000000	6647.609421	-4057.419085	0.000000	3500.018
-3097517.837758	-5782334.705946	0.000000	6878.250333	-3655.956162	0.000000	3550.018
-2748339.037961	-5954820.120385	0.000000	7084.741471	-3241.355118	0.000000	3600.018
-2389455.273512	-6106276.901563	0.000000	7266.328146	-2815.059419	0.000000	3650.018
-2022128.885994	-6236157.327365	0.000000	7422.340167	-2378.556541	0.000000	3700.019
-1647653.538304	-6343989.057506	0.000000	7552.196008	-1933.373649	0.000000	3750.019
-1267349.677208	-6429377.001222	0.000000	7655.405234	-1481.072344	0.000000	3800.019
-882559.988318	-6492004.885655	0.000000	7731.569241	-1023.242957	0.000000	3850.019
-494644.782572	-6531636.560139	0.000000	7780.383218	-561.499295	0.000000	3900.020
-104977.122070	-6548117.051535	0.000000	7801.640332	-97.473414	0.000000	3950.020
285061.992198	-6541373.312225	0.000000	7795.230486	367.190541	0.000000	4000.020
674088.402415	-6511414.690979	0.000000	7761.139270	830.841908	0.000000	4050.020
1060719.824390	-6458333.108550	0.000000	7699.453423	1291.829346	0.000000	4100.021
1443580.678750	-6382302.954476	0.000000	7610.357594	1748.506848	0.000000	4150.021
1821307.237612	-6283580.635159	0.000000	7494.137503	2199.240159	0.000000	4200.021
2192552.419074	-6162503.873797	0.000000	7351.175045	2642.412132	0.000000	4250.021
2555990.635909	-6019490.707784	0.000000	7181.947315	3076.428090	0.000000	4300.022
2910322.533682	-5855038.220074	0.000000	6987.030354	3499.723753	0.000000	4350.022
3254280.207621	-5669720.722984	0.000000	6767.097105	3910.771302	0.000000	4400.022
3586631.301417	-5464188.113919	0.000000	6522.906226	4308.081114	0.000000	4450.022
3906183.893371	-5239163.510592	0.000000	6255.308181	4690.210685	0.000000	4500.023
4211790.818681	-4995440.817592	0.000000	5965.246871	5055.774948	0.000000	4550.023
4502354.014972	-4733881.930209	0.000000	5653.735096	5403.434382	0.000000	4600.023
4776828.009776	-4455414.258482	0.000000	5321.876357	5731.920740	0.000000	4650.023
5034224.790703	-4161026.630764	0.000000	4970.850499	6040.032975	0.000000	4700.024
5273617.199121	-3851765.995104	0.000000	4601.919378	6326.656364	0.000000	4750.024
5494142.451108	-3528733.639912	0.000000	4216.396127	6590.734871	0.000000	4800.024
5695005.355923	-3193081.183457	0.000000	3815.660844	6831.297429	0.000000	4850.024
5875480.788689	-2846007.319502	0.000000	3401.148612	7047.453879	0.000000	4900.025
6034917.159590	-2488752.297236	0.000000	2974.356110	7238.419478	0.000000	4950.025
6172738.818735	-2122593.351149	0.000000	2536.823298	7403.498276	0.000000	5000.025
6288448.029840	-1748840.369411	0.000000	2090.127285	7542.082128	0.000000	5050.025
6381626.653870	-1368831.786444	0.000000	1635.876987	7653.648653	0.000000	5100.026
6451938.003041	-983928.854508	0.000000	1175.716167	7737.794281	0.000000	5150.026
6499128.095386	-595510.544481	0.000000	711.309350	7794.214018	0.000000	5200.026
6523026.468418	-204969.680614	0.000000	244.333868	7822.678349	0.000000	5250.026
6523546.982649	186294.011009	0.000000	-223.518713	7823.116678	0.000000	5300.027
6500688.046733	576878.525280	0.000000	-690.557617	7795.518643	0.000000	5350.027
6454532.598172	965383.846959	0.000000	-1155.094648	7739.981077	0.000000	5400.027
6385247.664956	1350418.334431	0.000000	-1615.453233	7656.722534	0.000000	5450.027
6293083.856041	1730602.688146	0.000000	-2069.970537	7546.039113	0.000000	5500.028
6178374.216500	2104575.841994	0.000000	-2517.010942	7408.350670	0.000000	5550.028
6041532.873223	2470999.976741	0.000000	-2954.967206	7244.167917	0.000000	5600.028
5883053.945724	2828564.033146	0.000000	-3382.251564	7054.060569	0.000000	5650.028
5703509.451399	3175989.213938	0.000000	-3797.334704	6838.740944	0.000000	5700.029
5503546.753129	3512034.473056	0.000000	-4198.727904	6598.998042	0.000000	5750.029
5283886.473761	3835500.174601	0.000000	-4584.999440	6335.715337	0.000000	5800.029
5045319.788018	4145232.516441	0.000000	-4954.753115	6049.831031	0.000000	5850.029
4788705.893205	4440127.090329	0.000000	-5306.676153	5742.395612	0.000000	5900.030
4514967.496910	4719134.487945	0.000000	-5639.522607	5414.534947	0.000000	5950.030
4225088.712136	4981262.449933	0.000000	-5952.099381	5067.427597	0.000000	6000.030
3920110.862569	5225579.986831	0.000000	-6243.305167	4702.337352	0.000000	6050.030
3601128.556105	5451220.722459	0.000000	-6512.108539	4320.583104	0.000000	6100.031
3269285.988571	5657385.656534	0.000000	-6757.560863	3923.542733	0.000000	6150.031
2925772.747073	5843345.995959	0.000000	-6978.797266	3512.646515	0.000000	6200.031
2571819.229732	6008445.817570	0.000000	-7175.050859	3089.377621	0.000000	6250.031
2208691.941058	6152104.403747	0.000000	-7345.638471	2655.257362	0.000000	6300.032
1837689.417581	6273817.953042	0.000000	-7489.967917	2211.842870	0.000000	6350.032
1460137.394668	6373161.350564	0.000000	-7607.543638	1760.723125	0.000000	6400.032
1077383.663624	6449789.658634	0.000000	-7697.974301	1303.514024	0.000000	6450.032
690793.760543	6503439.098196	0.000000	-7760.947872	841.846652	0.000000	6500.033
301745.914626	6533927.904098	0.000000	-7796.268032	377.368830	0.000000	6550.033
-88374.150714	6541156.891713	0.000000	-7803.827816	-88.265462	0.000000	6600.033
-478178.000205	6525109.637965	0.000000	-7783.625915	-553.400462	0.000000	6650.033
-866279.448048	6485852.412956	0.000000	-7735.754381	-1016.384992	0.000000	6700.034
-1251299.248940	6423533.834305	0.000000	-7660.402992	-1475.577949	0.000000	6750.034
-1631870.368028	6338384.164615	0.000000	-7557.861678	-1929.354403	0.000000	6800.034
-2006642.355723	6230714.446738	0.000000	-7428.511141	-2376.110237	0.000000	6850.034
-2374286.300105	6100915.252248	0.000000	-7272.829440	-2814.269069	0.000000	6900.035
-2733499.508259	5949455.176598	0.000000	-7091.385925	-3242.286874	0.000000	6950.035
-3083009.991933	5776879.097305	0.000000	-6884.838982	-3658.657097	0.000000	7000.035
-3421580.838804	5583806.185976	0.000000	-6653.933981	-4061.915887	0.000000	7050.035
-3748014.558351	5370927.618479	0.000000	-6399.501898	-4450.647844	0.000000	7100.036
-4061157.237448	5139004.059120	0.000000	-6122.453384	-4823.489041	0.000000	7150.036
-4359902.496431	4888862.932333	0.000000	-5823.779107	-5179.134088	0.000000	7200.036
-4643195.302533	4621395.464569	0.000000	-5504.541838	-5516.337202	0.000000	7250.036
-4910035.600730	4337553.502777	0.000000	-5165.876748	-5833.919584	0.000000	7300.037
-5159481.753549	4038346.133841	0.000000	-4808.985222	-6130.771629	0.000000	7350.037
-5390653.761230	3724836.128447	0.000000	-4435.129967	-6405.855384	0.000000	7400.037
-5602736.253078	3398136.226047	0.000000	-4045.633310	-6658.211381	0.000000	7450.037
-5794981.311107	3059405.189867	0.000000	-3641.870143	-6886.958613	0.000000	7500.038
-5966711.015130	2709843.761407	0.000000	-3225.264225	-7091.298621	0.000000	7550.038
-6117319.737912	2350690.511406	0.000000	-2797.283148	-7270.517928	0.000000	7600.038
-6246276.231590	1983217.499249	0.000000	-2359.433498	-7423.990626	0.000000	7650.038
-6353125.452384	1608725.824271	0.000000	-1913.255977	-7551.181431	0.000000	7700.039
-6437490.118951	1228541.098596	0.000000	-1460.319331	-7651.644753	0.000000	7750.039
-6499071.992958	844008.888694	0.000000	-1002.215818	-7725.028792	0.000000	7800.039
-6537652.910258	456490.072495	0.000000	-540.555252	-7771.073378	0.000000	7850.039
-6553095.545794	67356.082878	0.000000	-76.960353	-7789.616135	0.000000	7900.040
-6545343.903120	-322015.858092	0.000000	386.939352	-7780.587756	0.000000	7950.040
-6514423.524199	-710247.471372	0.000000	849.512791	-7744.015921	0.000000	8000.040
-6460441.428482	-1095964.247219	0.000000	1309.132850	-7680.023102	0.000000	8050.040
-6383585.776682	-1477800.185364	0.000000	1764.181894	-7588.827222	0.000000	8100.041
-6284125.262090	-1854402.540785	0.000000	2213.057323	-7470.741032	0.000000	8150.041
-6162408.220934	-2224436.558096	0.000000	2654.176723	-7326.170263	0.000000	8200.041
-6018861.485426	-2586590.090619	0.000000	3085.983671	-7155.613763	0.000000	8250.041
-5853988.958585	-2939578.198900	0.000000	3506.952842	-6959.661077	0.000000	8300.042
-5668369.912047	-3282147.678830	0.000000	3915.595430	-6738.991079	0.000000	8350.042
-5462657.061722	-3613081.412767	0.000000	4310.463507	-6494.368346	0.000000	8400.042
-5237574.353206	-3931202.677341	0.000000	4690.156582	-6226.643464	0.000000	8450.042
-4993914.498655	-4235379.318013	0.000000	5053.325105	-5936.747895	0.000000	8500.043
-4732536.320592	-4524527.711982	0.000000	5398.675611	-5625.691676	0.000000	8550.043
-4454361.804829	-4797616.655350	0.000000	5724.974723	-5294.559736	0.000000	8600.043
-4160373.030074	-5053670.971794	0.000000	6031.054509	-4944.509295	0.000000	8650.043
-3851608.648559	-5291775.160364	0.000000	6315.818810	-4576.767726	0.000000	8700.044
-3529160.394765	-5511076.622068	0.000000	6578.242222	-4192.624029	0.000000	8750.044
-3194169.323134	-5710788.748915	0.000000	6817.377599	-3793.427796	0.000000	8800.044
-2847821.852811	-5890193.804168	0.000000	7032.357562	-3380.583276	0.000000	8850.044
-2491345.750644	-6048645.514178	0.000000	7222.398753	-2955.545234	0.000000	8900.045
-2126005.673707	-6185571.562649	0.000000	7386.806009	-2519.814604	0.000000	8950.045
-1753098.840961	-6300475.687854	0.000000	7524.974242	-2074.932646	0.000000	9000.045
-1373950.548467	-6392939.557917	0.000000	7636.385493	-1622.474217	0.000000	9050.045
-989909.366793	-6462624.418903	0.000000	7720.625909	-1164.046366	0.000000	9100.046
-602342.384366	-6509272.431775	0.000000	7777.370664	-701.278157	0.000000	9150.046
-212630.536255	-6532707.697149	0.000000	7806.390000	-235.816986	0.000000	9200.046
177836.270121	-6532837.035378	0.000000	7807.558705	230.676752	0.000000	9250.046
567664.431931	-6509650.480276	0.000000	7780.846553	696.536090	0.000000	9300.047
955461.296738	-6463221.443516	0.000000	7726.328286	1160.093867	0.000000	9350.047
1339840.402605	-6393706.590659	0.000000	7644.172682	1619.687774	0.000000	9400.047
1719426.376810	-6301345.405625	0.000000	7534.657991	2073.668943	0.000000	9450.047
2092859.827891	-6186459.504117	0.000000	7398.145071	2520.402317	0.000000	9500.048
2458802.819520	-6049451.396923	0.000000	7235.116712	2958.283021	0.000000	9550.048
2815942.209557	-5890803.738533	0.000000	7046.120691	3385.725983	0.000000	9600.048
3162996.843496	-5711076.710433	0.000000	6831.834319	3801.194017	0.000000	9650.048
3498719.783708	-5510907.220766	0.000000	6592.989090	4203.173644	0.000000	9700.049
3821904.018272	-5291006.181638	0.000000	6330.442825	4590.217696	0.000000	9750.049
4131387.638306	-5052155.513031	0.000000	6045.125988	4960.923558	0.000000	9800.049
4426056.872600	-4795206.183016	0.000000	5738.046827	5313.941927	0.000000	9850.049
4704850.492532	-4521075.046367	0.000000	5410.295987	5647.986756	0.000000	9900.050
4966764.476068	-4230740.819016	0.000000	5063.061661	5961.861532	0.000000	9950.050
5210854.637836	-3925241.709521	0.000000	4697.559402	6254.394278	0.000000	10000.050
5436240.055276	-3605671.883898	0.000000	4315.105805	6524.525177	0.000000	10050.050
5642107.763731	-3273175.699244	0.000000	3917.081255	6771.278095	0.000000	10100.051
5827714.912535	-2928944.506670	0.000000	3504.928940	6993.777137	0.000000	10150.051
5992391.056169	-2574213.393552	0.000000	3080.102152	7191.156126	0.000000	10200.051
6135541.482688	-2210254.788292	0.000000	2644.157461	7362.749188	0.000000	10250.051
6256648.718400	-1838375.697577	0.000000	2198.644780	7507.877999	0.000000	10300.052
6355274.762320	-1459911.909282	0.000000	1745.184715	7626.053688	0.000000	10350.052
6431062.667414	-1076223.747876	0.000000	1285.400301	7716.793209	0.000000	10400.052
6483737.972290	-688689.979777	0.000000	820.963088	7779.826143	0.000000	10450.052
6513109.574685	-298704.477069	0.000000	353.538877	7814.844508	0.000000	10500.053
6519070.492026	92330.808390	0.000000	-115.178465	7821.800591	0.000000	10550.053
6501598.234323	483010.995310	0.000000	-583.501710	7800.647171	0.000000	10600.053
6460754.908046	871930.185147	0.000000	-1049.734861	7751.376544	0.000000	10650.053
6396686.929078	1257688.630127	0.000000	-1512.204364	7674.258949	0.000000	10700.054
6309624.290872	1638899.824020	0.000000	-1969.240956	7569.545692	0.000000	10750.054
6199880.144872	2014192.161374	0.000000	-2419.190805	7437.587113	0.000000	10800.054
6067849.422071	2382215.349883	0.000000	-2860.429776	7278.859321	0.000000	10850.054
5914006.964320	2741646.266317	0.000000	-3291.388189	7093.986023	0.000000	10900.055
5738906.288063	3091192.423703	0.000000	-3710.495889	6883.584969	0.000000	10950.055
5543178.363628	3429595.088828	0.000000	-4116.240290	6648.407391	0.000000	11000.055
5327526.259912	3755639.318278	0.000000	-4507.195225	6389.358956	0.000000	11050.055
5092726.926169	4068151.120783	0.000000	-4881.919445	6107.309974	0.000000	11100.056
4839625.079148	4366006.743629	0.000000	-5239.063591	5803.278928	0.000000	11150.056
4569132.637766	4648133.485203	0.000000	-5577.332650	5478.348731	0.000000	11200.056
4282223.805085	4913515.626751	0.000000	-5895.529640	5133.708480	0.000000	11250.056
3979930.174051	5161199.152272	0.000000	-6192.530092	4770.612290	0.000000	11300.057
3663339.205221	5390292.984873	0.000000	-6467.221216	4390.327488	0.000000	11350.057
3333593.862375	5599969.898993	0.000000	-6718.594412	3994.205516	0.000000	11400.057
2991877.555643	5789476.858711	0.000000	-6945.862697	3583.743510	0.000000	11450.057
2639421.815914	5958130.226993	0.000000	-7148.061023	3160.327703	0.000000	11500.058
2277497.052052	6105321.122282	0.000000	-7324.507882	2725.505717	0.000000	11550.058
1907406.366426	6230518.367742	0.000000	-7474.593938	2280.847946	0.000000	11600.058
1530483.737315	6333269.266030	0.000000	-7597.696668	1827.924087	0.000000	11650.058
1148087.615754	6413201.652550	0.000000	-7693.471490	1368.386360	0.000000	11700.059
761593.503395	6470025.815303	0.000000	-7761.557377	903.874707	0.000000	11750.059
372395.639936	6503534.188138	0.000000	-7801.572057	436.038666	0.000000	11800.059
-18096.220472	6513602.571978	0.000000	-7813.351332	-33.436243	0.000000	11850.059
-408474.057931	6500191.452615	0.000000	-7796.958135	-502.855652	0.000000	11900.060
-797326.714423	6463345.735961	0.000000	-7752.358483	-970.532035	0.000000	11950.060
-1183243.997848	6403195.187957	0.000000	-7679.626896	-1434.770614	0.000000	12000.060
-1564829.941128	6319953.001528	0.000000	-7579.129197	-1893.912450	0.000000	12050.060
-1940701.552005	6213916.075296	0.000000	-7451.086172	-2346.271510	0.000000	12100.061
-2309493.833095	6085464.001717	0.000000	-7296.091100	-2790.260001	0.000000	12150.061
-2669868.826465	5935056.956568	0.000000	-7114.425288	-3224.173049	0.000000	12200.061
-3020507.727173	5763238.809808	0.000000	-6906.748663	-3646.429007	0.000000	12250.061
-3360130.661195	5570629.719478	0.000000	-6673.901255	-4055.539705	0.000000	12300.062
-3687492.011909	5357928.883091	0.000000	-6416.445776	-4449.851159	0.000000	12350.062
-4001380.573398	5125915.811473	0.000000	-6135.222302	-4827.834199	0.000000	12400.062
-4300635.725766	4875440.931071	0.000000	-5831.181598	-5188.004328	0.000000	12450.062
-4584139.588437	4607432.678667	0.000000	-5505.374800	-5528.947268	0.000000	12500.063
-4850830.944371	4322887.898392	0.000000	-5158.799750	-5849.147454	0.000000	12550.063
-5099689.400101	4022891.264044	0.000000	-4792.274845	-6146.786986	0.000000	12600.063
-5329749.937913	3708605.848930	0.000000	-4407.102116	-6420.450897	0.000000	12650.063
-5540108.892055	3381273.439790	0.000000	-4004.121938	-6667.895963	0.000000	12700.064
-5729885.294109	3042287.032834	0.000000	-3584.301538	-6886.691432	0.000000	12750.064
-5898244.936465	2693193.500035	0.000000	-3147.727236	-7071.845546	0.000000	12800.064
-6044410.570441	2335708.597575	0.000000	-2696.144839	-7220.152450	0.000000	12850.064
-6167566.791858	1972070.003871	0.000000	-2226.914930	-7314.332280	0.000000	12900.065
-6266792.740893	1605558.728277	0.000000	-1738.101658	-7327.116402	0.000000	12950.065
-6340925.851154	1242026.086171	0.000000	-1221.541897	-7173.036841	0.000000	13000.065
-6388138.642998	895957.870241	0.000000	-655.545767	-6517.855650	0.000000	13050.065
-6405908.869349	613008.306325	0.000000	-68.298997	-4580.330675	0.000000	13100.066
-6399962.748030	471997.062586	0.000000	226.510220	-1250.111045	0.000000	13150.066
-6387739.264330	442928.588790	0.000000	239.395318	-195.426987	0.000000	13200.066
-6377804.058049	439031.126400	0.000000	153.861008	-20.224029	0.000000	13250.066
-6371591.929553	438483.740526	0.000000	101.524015	-7.106233	0.000000	13300.067
-6367133.390117	438175.772920	0.000000	75.864536	-5.221239	0.000000	13350.067
-6363634.723595	437934.997652	0.000000	63.127446	-4.344329	0.000000	13400.067
